0,11.38967,0.00000,0.17282
1,11.56249,0.00013,0.17282
2,11.73531,0.00045,0.17282
3,11.90813,0.00083,0.17282
4,12.08096,0.00134,0.17282
5,12.25378,0.00198,0.17282
6,12.42660,0.00307,0.17282
7,12.59942,0.00383,0.17282
8,12.77224,0.00518,0.17282
9,12.94507,0.00671,0.17282
10,13.11789,0.00895,0.17282
11,13.29071,0.01105,0.17282
12,13.46353,0.01450,0.17282
13,13.63635,0.01968,0.17282
14,13.80918,0.02543,0.17282
15,13.98200,0.03105,0.17282
16,14.15482,0.03789,0.17282
17,14.32764,0.04613,0.17282
18,14.50046,0.05629,0.17282
19,14.67329,0.06633,0.17282
20,14.84611,0.07776,0.17282
21,15.01893,0.09329,0.17282
22,15.19175,0.10863,0.17282
23,15.36457,0.12422,0.17282
24,15.53740,0.14000,0.17282
25,15.71022,0.15840,0.17282
26,15.88304,0.17885,0.17282
27,16.05586,0.20326,0.17282
28,16.22868,0.22639,0.17282
29,16.40151,0.24773,0.17282
30,16.57433,0.26920,0.17282
31,16.74715,0.29355,0.17282
32,16.91997,0.31751,0.17282
33,17.09279,0.34454,0.17282
34,17.26562,0.36984,0.17282
35,17.43844,0.39444,0.17282
36,17.61126,0.41949,0.17282
37,17.78408,0.44613,0.17282
38,17.95690,0.47182,0.17282
39,18.12973,0.49885,0.17282
40,18.30255,0.52613,0.17282
41,18.47537,0.55086,0.17282
42,18.64819,0.57514,0.17282
43,18.82101,0.59853,0.17282
44,18.99384,0.62460,0.17282
45,19.16666,0.64984,0.17282
46,19.33948,0.67323,0.17282
47,19.51230,0.69508,0.17282
48,19.68512,0.71776,0.17282
49,19.85795,0.73872,0.17282
50,20.03077,0.75514,0.17282
51,20.20359,0.77374,0.17282
52,20.37641,0.79022,0.17282
53,20.54923,0.80665,0.17282
54,20.72206,0.82153,0.17282
55,20.89488,0.83412,0.17282
56,21.06770,0.84671,0.17282
57,21.24052,0.85853,0.17282
58,21.41334,0.87042,0.17282
59,21.58617,0.88160,0.17282
60,21.75899,0.89137,0.17282
61,21.93181,0.89955,0.17282
62,22.10463,0.90633,0.17282
63,22.27745,0.91450,0.17282
64,22.45028,0.92160,0.17282
65,22.62310,0.92741,0.17282
66,22.79592,0.93297,0.17282
67,22.96874,0.93796,0.17282
68,23.14156,0.94300,0.17282
69,23.31439,0.94773,0.17282
70,23.48721,0.95188,0.17282
71,23.66003,0.95502,0.17282
72,23.83285,0.95840,0.17282
73,24.00567,0.96179,0.17282
74,24.17850,0.96530,0.17282
75,24.35132,0.96837,0.17282
76,24.52414,0.97080,0.17282
77,24.69696,0.97284,0.17282
78,24.86978,0.97476,0.17282
79,25.04261,0.97693,0.17282
80,25.21543,0.97859,0.17282
81,25.38825,0.97974,0.17282
82,25.56107,0.98070,0.17282
83,25.73389,0.98224,0.17282
84,25.90672,0.98351,0.17282
85,26.07954,0.98473,0.17282
86,26.25236,0.98569,0.17282
87,26.42518,0.98780,0.17282
88,26.59800,0.98920,0.17282
89,26.77083,0.98965,0.17282
90,26.94365,0.99042,0.17282
91,27.11647,0.99137,0.17282
92,27.28929,0.99233,0.17282
93,27.46211,0.99297,0.17282
94,27.63494,0.99342,0.17282
95,27.80776,0.99399,0.17282
96,27.98058,0.99431,0.17282
97,28.15340,0.99470,0.17282
98,28.32622,0.99495,0.17282
99,28.49905,0.99540,0.17282
100,28.67187,0.99578,0.17282
101,28.84469,0.99610,0.17282
102,29.01751,0.99649,0.17282
103,29.19033,0.99681,0.17282
104,29.36316,0.99719,0.17282
105,29.53598,0.99751,0.17282
106,29.70880,0.99789,0.17282
107,29.88162,0.99815,0.17282
108,30.05444,0.99821,0.17282
109,30.22727,0.99840,0.17282
110,30.40009,0.99866,0.17282
111,30.57291,0.99891,0.17282
112,30.74573,0.99904,0.17282
113,30.91855,0.99911,0.17282
114,31.09138,0.99930,0.17282
115,31.26420,0.99936,0.17282
116,31.43702,0.99942,0.17282
117,31.60984,0.99942,0.17282
118,31.78266,0.99942,0.17282
119,31.95549,0.99955,0.17282
120,32.12831,0.99955,0.17282
121,32.30113,0.99955,0.17282
122,32.47395,0.99968,0.17282
123,32.64677,0.99968,0.17282
124,32.81960,0.99974,0.17282
125,32.99242,0.99974,0.17282
126,33.16524,0.99974,0.17282
127,33.33806,0.99981,0.17282
128,33.51088,0.99981,0.17282
129,33.68371,0.99981,0.17282
130,33.85653,0.99981,0.17282
131,34.02935,0.99981,0.17282
132,34.20217,0.99981,0.17282
133,34.37499,0.99981,0.17282
134,34.54782,0.99981,0.17282
135,34.72064,0.99981,0.17282
136,34.89346,0.99981,0.17282
137,35.06628,0.99981,0.17282
138,35.23910,0.99981,0.17282
139,35.41193,0.99981,0.17282
140,35.58475,0.99987,0.17282
141,35.75757,0.99987,0.17282
142,35.93039,0.99987,0.17282
143,36.10321,0.99987,0.17282
144,36.27604,0.99987,0.17282
145,36.44886,0.99987,0.17282
146,36.62168,0.99987,0.17282
147,36.79450,0.99987,0.17282
148,36.96732,0.99987,0.17282
149,37.14015,0.99987,0.17282
150,37.31297,0.99987,0.17282
151,37.48579,0.99987,0.17282
152,37.65861,0.99987,0.17282
153,37.83143,0.99987,0.17282
154,38.00426,0.99987,0.17282
155,38.17708,0.99987,0.17282
156,38.34990,0.99987,0.17282
157,38.52272,0.99987,0.17282
158,38.69554,0.99987,0.17282
159,38.86837,0.99987,0.17282
160,39.04119,0.99987,0.17282
161,39.21401,0.99987,0.17282
162,39.38683,0.99987,0.17282
163,39.55965,0.99987,0.17282
164,39.73248,0.99987,0.17282
165,39.90530,0.99987,0.17282
166,40.07812,0.99987,0.17282
167,40.25094,0.99987,0.17282
168,40.42376,0.99987,0.17282
169,40.59659,0.99987,0.17282
170,40.76941,0.99987,0.17282
171,40.94223,0.99987,0.17282
172,41.11505,0.99987,0.17282
173,41.28787,0.99987,0.17282
174,41.46070,0.99987,0.17282
175,41.63352,0.99987,0.17282
176,41.80634,0.99987,0.17282
177,41.97916,0.99987,0.17282
178,42.15198,0.99987,0.17282
179,42.32481,0.99987,0.17282
180,42.49763,0.99987,0.17282
181,42.67045,0.99987,0.17282
182,42.84327,0.99994,0.17282
183,43.01609,0.99994,0.17282
184,43.18892,0.99994,0.17282
185,43.36174,0.99994,0.17282
186,43.53456,0.99994,0.17282
187,43.70738,0.99994,0.17282
188,43.88020,0.99994,0.17282
189,44.05303,0.99994,0.17282
190,44.22585,0.99994,0.17282
191,44.39867,0.99994,0.17282
192,44.57149,0.99994,0.17282
193,44.74431,0.99994,0.17282
194,44.91714,0.99994,0.17282
195,45.08996,0.99994,0.17282
196,45.26278,0.99994,0.17282
197,45.43560,0.99994,0.17282
198,45.60842,0.99994,0.17282
199,45.78125,0.99994,0.17282
