0,8.78199,0.00000,0.10998
1,8.89197,0.00021,0.10998
2,9.00194,0.00021,0.10998
3,9.11192,0.00021,0.10998
4,9.22189,0.00042,0.10998
5,9.33187,0.00042,0.10998
6,9.44184,0.00063,0.10998
7,9.55182,0.00146,0.10998
8,9.66179,0.00250,0.10998
9,9.77177,0.00334,0.10998
10,9.88174,0.00438,0.10998
11,9.99172,0.00480,0.10998
12,10.10169,0.00626,0.10998
13,10.21167,0.00647,0.10998
14,10.32164,0.00856,0.10998
15,10.43162,0.01044,0.10998
16,10.54159,0.01252,0.10998
17,10.65157,0.01482,0.10998
18,10.76154,0.01774,0.10998
19,10.87152,0.02046,0.10998
20,10.98149,0.02421,0.10998
21,11.09147,0.02880,0.10998
22,11.20145,0.03548,0.10998
23,11.31142,0.04091,0.10998
24,11.42140,0.04822,0.10998
25,11.53137,0.05636,0.10998
26,11.64135,0.06387,0.10998
27,11.75132,0.07284,0.10998
28,11.86130,0.08349,0.10998
29,11.97127,0.09393,0.10998
30,12.08125,0.10937,0.10998
31,12.19122,0.12148,0.10998
32,12.30120,0.13400,0.10998
33,12.41117,0.14694,0.10998
34,12.52115,0.16301,0.10998
35,12.63112,0.17616,0.10998
36,12.74110,0.19244,0.10998
37,12.85107,0.20998,0.10998
38,12.96105,0.22918,0.10998
39,13.07102,0.24984,0.10998
40,13.18100,0.26925,0.10998
41,13.29097,0.28470,0.10998
42,13.40095,0.30349,0.10998
43,13.51092,0.32498,0.10998
44,13.62090,0.34314,0.10998
45,13.73087,0.36381,0.10998
46,13.84085,0.38468,0.10998
47,13.95082,0.40430,0.10998
48,14.06080,0.42162,0.10998
49,14.17077,0.43937,0.10998
50,14.28075,0.45919,0.10998
51,14.39072,0.47819,0.10998
52,14.50070,0.49697,0.10998
53,14.61068,0.51722,0.10998
54,14.72065,0.53350,0.10998
55,14.83063,0.54936,0.10998
56,14.94060,0.56752,0.10998
57,15.05058,0.58380,0.10998
58,15.16055,0.60217,0.10998
59,15.27053,0.61991,0.10998
60,15.38050,0.63640,0.10998
61,15.49048,0.65268,0.10998
62,15.60045,0.66875,0.10998
63,15.71043,0.68378,0.10998
64,15.82040,0.69568,0.10998
65,15.93038,0.71050,0.10998
66,16.04035,0.72741,0.10998
67,16.15033,0.74202,0.10998
68,16.26030,0.75308,0.10998
69,16.37028,0.76539,0.10998
70,16.48025,0.77708,0.10998
71,16.59023,0.78710,0.10998
72,16.70020,0.79775,0.10998
73,16.81018,0.80693,0.10998
74,16.92015,0.81674,0.10998
75,17.03013,0.82676,0.10998
76,17.14010,0.83657,0.10998
77,17.25008,0.84888,0.10998
78,17.36005,0.86057,0.10998
79,17.47003,0.86934,0.10998
80,17.58000,0.87372,0.10998
81,17.68998,0.88061,0.10998
82,17.79996,0.88708,0.10998
83,17.90993,0.89564,0.10998
84,18.01991,0.90127,0.10998
85,18.12988,0.90795,0.10998
86,18.23986,0.91234,0.10998
87,18.34983,0.91735,0.10998
88,18.45981,0.92173,0.10998
89,18.56978,0.92736,0.10998
90,18.67976,0.93321,0.10998
91,18.78973,0.93697,0.10998
92,18.89971,0.94114,0.10998
93,19.00968,0.94615,0.10998
94,19.11966,0.94991,0.10998
95,19.22963,0.95262,0.10998
96,19.33961,0.95596,0.10998
97,19.44958,0.96013,0.10998
98,19.55956,0.96264,0.10998
99,19.66953,0.96410,0.10998
100,19.77951,0.96577,0.10998
101,19.88948,0.96848,0.10998
102,19.99946,0.97036,0.10998
103,20.10943,0.97120,0.10998
104,20.21941,0.97266,0.10998
105,20.32938,0.97328,0.10998
106,20.43936,0.97454,0.10998
107,20.54933,0.97641,0.10998
108,20.65931,0.97850,0.10998
109,20.76928,0.97954,0.10998
110,20.87926,0.98142,0.10998
111,20.98923,0.98414,0.10998
112,21.09921,0.98455,0.10998
113,21.20919,0.98643,0.10998
114,21.31916,0.98748,0.10998
115,21.42914,0.98810,0.10998
116,21.53911,0.98873,0.10998
117,21.64909,0.98915,0.10998
118,21.75906,0.98956,0.10998
119,21.86904,0.99019,0.10998
120,21.97901,0.99186,0.10998
121,22.08899,0.99207,0.10998
122,22.19896,0.99249,0.10998
123,22.30894,0.99269,0.10998
124,22.41891,0.99311,0.10998
125,22.52889,0.99353,0.10998
126,22.63886,0.99374,0.10998
127,22.74884,0.99416,0.10998
128,22.85881,0.99416,0.10998
129,22.96879,0.99457,0.10998
130,23.07876,0.99478,0.10998
131,23.18874,0.99478,0.10998
132,23.29871,0.99541,0.10998
133,23.40869,0.99603,0.10998
134,23.51866,0.99603,0.10998
135,23.62864,0.99624,0.10998
136,23.73861,0.99687,0.10998
137,23.84859,0.99708,0.10998
138,23.95856,0.99770,0.10998
139,24.06854,0.99770,0.10998
140,24.17851,0.99791,0.10998
141,24.28849,0.99812,0.10998
142,24.39847,0.99812,0.10998
143,24.50844,0.99812,0.10998
144,24.61842,0.99812,0.10998
145,24.72839,0.99833,0.10998
146,24.83837,0.99833,0.10998
147,24.94834,0.99833,0.10998
148,25.05832,0.99833,0.10998
149,25.16829,0.99833,0.10998
150,25.27827,0.99854,0.10998
151,25.38824,0.99854,0.10998
152,25.49822,0.99854,0.10998
153,25.60819,0.99854,0.10998
154,25.71817,0.99854,0.10998
155,25.82814,0.99854,0.10998
156,25.93812,0.99854,0.10998
157,26.04809,0.99875,0.10998
158,26.15807,0.99875,0.10998
159,26.26804,0.99875,0.10998
160,26.37802,0.99875,0.10998
161,26.48799,0.99875,0.10998
162,26.59797,0.99875,0.10998
163,26.70794,0.99896,0.10998
164,26.81792,0.99896,0.10998
165,26.92789,0.99896,0.10998
166,27.03787,0.99896,0.10998
167,27.14784,0.99896,0.10998
168,27.25782,0.99896,0.10998
169,27.36779,0.99896,0.10998
170,27.47777,0.99896,0.10998
171,27.58774,0.99896,0.10998
172,27.69772,0.99896,0.10998
173,27.80770,0.99896,0.10998
174,27.91767,0.99896,0.10998
175,28.02765,0.99896,0.10998
176,28.13762,0.99896,0.10998
177,28.24760,0.99896,0.10998
178,28.35757,0.99896,0.10998
179,28.46755,0.99917,0.10998
180,28.57752,0.99917,0.10998
181,28.68750,0.99917,0.10998
182,28.79747,0.99917,0.10998
183,28.90745,0.99917,0.10998
184,29.01742,0.99917,0.10998
185,29.12740,0.99917,0.10998
186,29.23737,0.99937,0.10998
187,29.34735,0.99937,0.10998
188,29.45732,0.99937,0.10998
189,29.56730,0.99937,0.10998
190,29.67727,0.99937,0.10998
191,29.78725,0.99937,0.10998
192,29.89722,0.99937,0.10998
193,30.00720,0.99937,0.10998
194,30.11717,0.99937,0.10998
195,30.22715,0.99958,0.10998
196,30.33712,0.99958,0.10998
197,30.44710,0.99958,0.10998
198,30.55707,0.99958,0.10998
199,30.66705,0.99958,0.10998
