0,3.80695,0.00000,0.12138
1,3.92833,0.00038,0.12138
2,4.04972,0.00038,0.12138
3,4.17110,0.00038,0.12138
4,4.29248,0.00038,0.12138
5,4.41387,0.00038,0.12138
6,4.53525,0.00114,0.12138
7,4.65663,0.00191,0.12138
8,4.77801,0.00229,0.12138
9,4.89940,0.00305,0.12138
10,5.02078,0.00382,0.12138
11,5.14216,0.00382,0.12138
12,5.26355,0.00534,0.12138
13,5.38493,0.00610,0.12138
14,5.50631,0.00839,0.12138
15,5.62769,0.01030,0.12138
16,5.74908,0.01145,0.12138
17,5.87046,0.01526,0.12138
18,5.99184,0.01831,0.12138
19,6.11323,0.02175,0.12138
20,6.23461,0.02747,0.12138
21,6.35599,0.03396,0.12138
22,6.47738,0.04235,0.12138
23,6.59876,0.05303,0.12138
24,6.72014,0.06105,0.12138
25,6.84152,0.07783,0.12138
26,6.96291,0.09119,0.12138
27,7.08429,0.11446,0.12138
28,7.20567,0.14193,0.12138
29,7.32706,0.16940,0.12138
30,7.44844,0.19267,0.12138
31,7.56982,0.23235,0.12138
32,7.69120,0.26021,0.12138
33,7.81259,0.29683,0.12138
34,7.93397,0.32812,0.12138
35,8.05535,0.35902,0.12138
36,8.17674,0.39870,0.12138
37,8.29812,0.43075,0.12138
38,8.41950,0.46623,0.12138
39,8.54089,0.49638,0.12138
40,8.66227,0.53338,0.12138
41,8.78365,0.55895,0.12138
42,8.90503,0.58298,0.12138
43,9.02642,0.60816,0.12138
44,9.14780,0.63678,0.12138
45,9.26918,0.66120,0.12138
46,9.39057,0.68371,0.12138
47,9.51195,0.70164,0.12138
48,9.63333,0.72034,0.12138
49,9.75471,0.74018,0.12138
50,9.87610,0.75773,0.12138
51,9.99748,0.77337,0.12138
52,10.11886,0.79245,0.12138
53,10.24025,0.80961,0.12138
54,10.36163,0.82640,0.12138
55,10.48301,0.83937,0.12138
56,10.60440,0.85387,0.12138
57,10.72578,0.86570,0.12138
58,10.84716,0.87562,0.12138
59,10.96854,0.88516,0.12138
60,11.08993,0.89393,0.12138
61,11.21131,0.90195,0.12138
62,11.33269,0.91072,0.12138
63,11.45408,0.91759,0.12138
64,11.57546,0.92522,0.12138
65,11.69684,0.93171,0.12138
66,11.81822,0.93895,0.12138
67,11.93961,0.94086,0.12138
68,12.06099,0.94391,0.12138
69,12.18237,0.94659,0.12138
70,12.30376,0.95155,0.12138
71,12.42514,0.95422,0.12138
72,12.54652,0.95918,0.12138
73,12.66790,0.96299,0.12138
74,12.78929,0.96490,0.12138
75,12.91067,0.96757,0.12138
76,13.03205,0.96986,0.12138
77,13.15344,0.97138,0.12138
78,13.27482,0.97291,0.12138
79,13.39620,0.97634,0.12138
80,13.51759,0.97940,0.12138
81,13.63897,0.98054,0.12138
82,13.76035,0.98207,0.12138
83,13.88173,0.98474,0.12138
84,14.00312,0.98703,0.12138
85,14.12450,0.98779,0.12138
86,14.24588,0.98970,0.12138
87,14.36727,0.99237,0.12138
88,14.48865,0.99275,0.12138
89,14.61003,0.99351,0.12138
90,14.73141,0.99390,0.12138
91,14.85280,0.99390,0.12138
92,14.97418,0.99504,0.12138
93,15.09556,0.99542,0.12138
94,15.21695,0.99542,0.12138
95,15.33833,0.99542,0.12138
96,15.45971,0.99580,0.12138
97,15.58110,0.99657,0.12138
98,15.70248,0.99657,0.12138
99,15.82386,0.99657,0.12138
100,15.94524,0.99657,0.12138
101,16.06663,0.99733,0.12138
102,16.18801,0.99771,0.12138
103,16.30939,0.99809,0.12138
104,16.43078,0.99847,0.12138
105,16.55216,0.99886,0.12138
106,16.67354,0.99886,0.12138
107,16.79492,0.99924,0.12138
108,16.91631,0.99924,0.12138
109,17.03769,0.99924,0.12138
110,17.15907,0.99924,0.12138
111,17.28046,0.99924,0.12138
112,17.40184,0.99924,0.12138
113,17.52322,0.99924,0.12138
114,17.64460,0.99924,0.12138
115,17.76599,0.99924,0.12138
116,17.88737,0.99924,0.12138
117,18.00875,0.99924,0.12138
118,18.13014,0.99924,0.12138
119,18.25152,0.99924,0.12138
120,18.37290,0.99924,0.12138
121,18.49429,0.99924,0.12138
122,18.61567,0.99924,0.12138
123,18.73705,0.99924,0.12138
124,18.85843,0.99962,0.12138
125,18.97982,0.99962,0.12138
126,19.10120,0.99962,0.12138
127,19.22258,0.99962,0.12138
128,19.34397,0.99962,0.12138
129,19.46535,0.99962,0.12138
130,19.58673,0.99962,0.12138
131,19.70811,0.99962,0.12138
132,19.82950,0.99962,0.12138
133,19.95088,0.99962,0.12138
134,20.07226,0.99962,0.12138
135,20.19365,0.99962,0.12138
136,20.31503,0.99962,0.12138
137,20.43641,0.99962,0.12138
138,20.55780,0.99962,0.12138
139,20.67918,0.99962,0.12138
140,20.80056,0.99962,0.12138
141,20.92194,0.99962,0.12138
142,21.04333,0.99962,0.12138
143,21.16471,0.99962,0.12138
144,21.28609,0.99962,0.12138
145,21.40748,0.99962,0.12138
146,21.52886,0.99962,0.12138
147,21.65024,0.99962,0.12138
148,21.77162,0.99962,0.12138
149,21.89301,0.99962,0.12138
150,22.01439,0.99962,0.12138
151,22.13577,0.99962,0.12138
152,22.25716,0.99962,0.12138
153,22.37854,0.99962,0.12138
154,22.49992,0.99962,0.12138
155,22.62131,0.99962,0.12138
156,22.74269,0.99962,0.12138
157,22.86407,0.99962,0.12138
158,22.98545,0.99962,0.12138
159,23.10684,0.99962,0.12138
160,23.22822,0.99962,0.12138
161,23.34960,0.99962,0.12138
162,23.47099,0.99962,0.12138
163,23.59237,0.99962,0.12138
164,23.71375,0.99962,0.12138
165,23.83513,0.99962,0.12138
166,23.95652,0.99962,0.12138
167,24.07790,0.99962,0.12138
168,24.19928,0.99962,0.12138
169,24.32067,0.99962,0.12138
170,24.44205,0.99962,0.12138
171,24.56343,0.99962,0.12138
172,24.68481,0.99962,0.12138
173,24.80620,0.99962,0.12138
174,24.92758,0.99962,0.12138
175,25.04896,0.99962,0.12138
176,25.17035,0.99962,0.12138
177,25.29173,0.99962,0.12138
178,25.41311,0.99962,0.12138
179,25.53450,0.99962,0.12138
180,25.65588,0.99962,0.12138
181,25.77726,0.99962,0.12138
182,25.89864,0.99962,0.12138
183,26.02003,0.99962,0.12138
184,26.14141,0.99962,0.12138
185,26.26279,0.99962,0.12138
186,26.38418,0.99962,0.12138
187,26.50556,0.99962,0.12138
188,26.62694,0.99962,0.12138
189,26.74832,0.99962,0.12138
190,26.86971,0.99962,0.12138
191,26.99109,0.99962,0.12138
192,27.11247,0.99962,0.12138
193,27.23386,0.99962,0.12138
194,27.35524,0.99962,0.12138
195,27.47662,0.99962,0.12138
196,27.59801,0.99962,0.12138
197,27.71939,0.99962,0.12138
198,27.84077,0.99962,0.12138
199,27.96215,0.99962,0.12138
